Train Metrics:
MAE: 76232.24972546118
RMSE: 143466.79430583044
R2: 0.8414404390404333
Test Metrics:
MAE: 102064.94422649889
RMSE: 201678.9868077526
R2: 0.7280897139384872

