Train Metrics:
MAE: 73994.20101679623
RMSE: 118778.57634472329
R2: 0.8913159340836605
Test Metrics:
MAE: 94595.8958873057
RMSE: 184627.5345407942
R2: 0.772124688350199
